0 0.12578125 0.040625 0.0359375 0.075
0 0.2875 0.23984375 0.053125 0.12578125
0 0.32265625 0.26015625 0.0484375 0.14375
0 0.44296875 0.23671875 0.0546875 0.13203125
0 0.484375 0.2921875 0.03125 0.12265625
0 0.51015625 0.29453125 0.0203125 0.0984375
0 0.55546875 0.278125 0.0484375 0.12578125
0 0.60390625 0.33359375 0.0390625 0.12265625
0 0.6578125 0.3515625 0.040625 0.12265625
0 0.71875 0.315625 0.034375 0.08671875
0 0.77265625 0.38046875 0.0296875 0.15
0 0.80078125 0.37734375 0.0265625 0.08984375
0 0.83671875 0.36796875 0.0515625 0.1078125
0 0.9390625 0.81171875 0.059375 0.13203125
0 0.88046875 0.77265625 0.0578125 0.1375
0 0.8015625 0.7421875 0.05625 0.11953125
0 0.6828125 0.69296875 0.059375 0.134375
0 0.58046875 0.66015625 0.0421875 0.146875
0 0.484375 0.603125 0.065625 0.134375
0 0.46328125 0.77421875 0.0609375 0.1703125
0 0.51484375 0.75 0.0484375 0.12890625
0 0.365625 0.84765625 0.075 0.12578125
0 0.375 0.7203125 0.06875 0.1046875
0 0.47890625 0.465625 0.0453125 0.1046875
0 0.37578125 0.47734375 0.0734375 0.15859375
0 0.30625 0.3859375 0.059375 0.11953125
0 0.31015625 0.52421875 0.0578125 0.11953125
0 0.26171875 0.54765625 0.0578125 0.12578125
0 0.20546875 0.59765625 0.0609375 0.0984375
0 0.11015625 0.609375 0.0796875 0.146875
0 0.03359375 0.65234375 0.0484375 0.11953125
0 0.1265625 0.83828125 0.053125 0.14375
0 0.146875 0.7203125 0.040625 0.0984375
0 0.1828125 0.715625 0.040625 0.1015625
0 0.23125 0.7421875 0.05 0.08984375
0 0.2921875 0.7203125 0.05 0.134375
0 0.26640625 0.6875 0.0546875 0.134375
0 0.053125 0.8578125 0.059375 0.134375
0 0.16171875 0.95078125 0.0609375 0.09296875