0 0.8 0.684375 0.296875 0.453125
0 0.58515625 0.70703125 0.2078125 0.4359375
0 0.440625 0.66640625 0.1625 0.43359375
0 0.33359375 0.62890625 0.1109375 0.35859375
0 0.259375 0.621875 0.08125 0.35
0 0.209375 0.6234375 0.075 0.31953125
0 0.1328125 0.59140625 0.09375 0.3
0 0.05390625 0.5734375 0.0421875 0.325
0 0.49296875 0.178125 0.0703125 0.09453125
0 0.434375 0.228125 0.065625 0.13359375
0 0.38828125 0.24296875 0.0671875 0.125
0 0.32109375 0.2640625 0.0890625 0.15546875
0 0.26875 0.3015625 0.075 0.16953125
0 0.1953125 0.31796875 0.0875 0.15859375
0 0.125 0.34140625 0.1 0.1609375